( num nodes 64 )
( name nodes 0 1 2 3 4 5 6 7 8 9 10 11 12 13 14 15 16 17 18 19 20 21 22 23 24 25 26 27 28 29 30 31 32 33 34 35 36 37 38 39 40 41 42 43 44 45 46 47 48 49 50 51 52 53 54 55 56 57 58 59 60 61 62 63 )
( node 0 0.752791 0.841357 )
( node 1 0.67162 0.841083 )
( node 2 0.622088 0.789994 )
( node 3 0.644287 0.734481 )
( node 4 0.675681 0.707786 )
( node 5 0.740218 0.690265 )
( node 6 0.79521 0.760007 )
( node 7 0.467503 0.441438 )
( node 8 0.384987 0.379848 )
( node 9 0.367504 0.296281 )
( node 10 0.47075 0.242758 )
( node 11 0.523728 0.342693 )
( node 12 0.88942 0.250027 )
( node 13 0.828493 0.234983 )
( node 14 0.765611 0.216844 )
( node 15 0.760089 0.131397 )
( node 16 0.83154 0.115722 )
( node 17 0.869474 0.128773 )
( node 18 0.944777 0.167896 )
( node 19 0.3652 0.804213 )
( node 20 0.302795 0.769489 )
( node 21 0.234816 0.771171 )
( node 22 0.239728 0.686481 )
( node 23 0.300338 0.637627 )
( node 24 0.348776 0.677077 )
( node 25 0.410075 0.715555 )
( node 26 0.216164 0.344848 )
( node 27 0.11008 0.307445 )
( node 28 0.147429 0.226524 )
( node 29 0.203189 0.194942 )
( node 30 0.275564 0.255203 )
( node 31 0.207513 0.603743 )
( node 32 0.141005 0.662322 )
( node 33 0.0956984 0.582552 )
( node 34 0.102947 0.529603 )
( node 35 0.143666 0.457768 )
( node 36 0.201392 0.513305 )
( node 37 0.233341 0.553684 )
( node 38 0.781949 0.613637 )
( node 39 0.716793 0.588197 )
( node 40 0.638526 0.542853 )
( node 41 0.710395 0.472458 )
( node 42 0.776092 0.481777 )
( node 43 0.818417 0.536127 )
( node 44 0.550531 0.902398 )
( node 45 0.4541 0.89033 )
( node 46 0.431783 0.823145 )
( node 47 0.44596 0.736314 )
( node 48 0.546584 0.750359 )
( node 49 0.558792 0.820815 )
( node 50 0.651572 0.22716 )
( node 51 0.576852 0.250844 )
( node 52 0.502125 0.200958 )
( node 53 0.536827 0.127427 )
( node 54 0.577236 0.0982378 )
( node 55 0.652023 0.0868787 )
( node 56 0.670718 0.161572 )
( node 57 0.539789 0.650426 )
( node 58 0.478856 0.673126 )
( node 59 0.412478 0.636027 )
( node 60 0.400402 0.547544 )
( node 61 0.479942 0.505454 )
( node 62 0.536706 0.541595 )
( node 63 0.575194 0.59186 )
( connection 0 1 0.0811715 )
( connection 0 6 0.0917447 )
( connection 0 44 0.211271 )
( connection 1 0 0.0811715 )
( connection 1 2 0.0711589 )
( connection 1 35 0.652431 )
( connection 1 36 0.573195 )
( connection 1 44 0.135728 )
( connection 1 48 0.154483 )
( connection 1 49 0.114634 )
( connection 1 58 0.255671 )
( connection 1 59 0.330459 )
( connection 2 1 0.0711589 )
( connection 2 3 0.059787 )
( connection 2 11 0.457987 )
( connection 2 23 0.356003 )
( connection 2 35 0.582461 )
( connection 2 36 0.503529 )
( connection 2 37 0.454936 )
( connection 2 40 0.247687 )
( connection 2 44 0.133248 )
( connection 2 48 0.0852751 )
( connection 2 49 0.070401 )
( connection 2 50 0.563606 )
( connection 2 51 0.541044 )
( connection 2 52 0.601128 )
( connection 2 56 0.630301 )
( connection 2 57 0.162026 )
( connection 2 58 0.184861 )
( connection 2 59 0.260081 )
( connection 2 63 0.203607 )
( connection 3 2 0.059787 )
( connection 3 4 0.0412094 )
( connection 3 11 0.409917 )
( connection 3 23 0.357325 )
( connection 3 24 0.301034 )
( connection 3 25 0.234975 )
( connection 3 31 0.45592 )
( connection 3 38 0.183178 )
( connection 3 39 0.163267 )
( connection 3 40 0.191714 )
( connection 3 44 0.192319 )
( connection 3 47 0.198335 )
( connection 3 48 0.0989848 )
( connection 3 49 0.121503 )
( connection 3 50 0.507374 )
( connection 3 51 0.488315 )
( connection 3 52 0.552138 )
( connection 3 57 0.134108 )
( connection 3 58 0.176441 )
( connection 3 63 0.158475 )
( connection 4 3 0.0412094 )
( connection 4 5 0.0668729 )
( connection 4 7 0.338052 )
( connection 4 11 0.395452 )
( connection 4 24 0.328344 )
( connection 4 25 0.26572 )
( connection 4 38 0.141975 )
( connection 4 39 0.126458 )
( connection 4 40 0.169066 )
( connection 4 47 0.231485 )
( connection 4 48 0.135936 )
( connection 4 51 0.467508 )
( connection 4 52 0.535721 )
( connection 4 57 0.147502 )
( connection 4 58 0.199853 )
( connection 4 62 0.216641 )
( connection 4 63 0.153416 )
( connection 5 4 0.0668729 )
( connection 5 6 0.0888145 )
( connection 5 7 0.369172 )
( connection 5 8 0.471749 )
( connection 5 11 0.40948 )
( connection 5 24 0.391664 )
( connection 5 25 0.33111 )
( connection 5 38 0.087255 )
( connection 5 39 0.104721 )
( connection 5 40 0.179085 )
( connection 5 47 0.297839 )
( connection 5 57 0.20435 )
( connection 5 58 0.261923 )
( connection 5 62 0.252032 )
( connection 5 63 0.192137 )
( connection 6 0 0.0917447 )
( connection 6 5 0.0888145 )
( connection 6 12 0.518609 )
( connection 6 18 0.610709 )
( connection 6 38 0.14697 )
( connection 6 39 0.188859 )
( connection 6 40 0.267779 )
( connection 6 43 0.225079 )
( connection 7 4 0.338052 )
( connection 7 5 0.369172 )
( connection 7 8 0.102967 )
( connection 7 11 0.11363 )
( connection 7 12 0.463305 )
( connection 7 13 0.415857 )
( connection 7 14 0.373243 )
( connection 7 15 0.4263 )
( connection 7 22 0.334556 )
( connection 7 23 0.257749 )
( connection 7 26 0.26926 )
( connection 7 27 0.381714 )
( connection 7 31 0.306493 )
( connection 7 32 0.394196 )
( connection 7 35 0.324249 )
( connection 7 36 0.275645 )
( connection 7 37 0.259676 )
( connection 7 40 0.198831 )
( connection 7 41 0.244865 )
( connection 7 50 0.282483 )
( connection 7 51 0.219734 )
( connection 7 60 0.125543 )
( connection 7 61 0.0652133 )
( connection 7 62 0.121739 )
( connection 7 63 0.184997 )
( connection 8 5 0.471749 )
( connection 8 7 0.102967 )
( connection 8 9 0.0853764 )
( connection 8 22 0.3393 )
( connection 8 23 0.271322 )
( connection 8 24 0.299426 )
( connection 8 25 0.336643 )
( connection 8 26 0.172413 )
( connection 8 30 0.165861 )
( connection 8 31 0.285703 )
( connection 8 35 0.253589 )
( connection 8 36 0.226976 )
( connection 8 37 0.230685 )
( connection 8 60 0.168402 )
( connection 8 61 0.157459 )
( connection 8 62 0.221767 )
( connection 9 8 0.0853764 )
( connection 9 10 0.116295 )
( connection 9 22 0.410589 )
( connection 9 23 0.347892 )
( connection 9 24 0.381256 )
( connection 9 25 0.421429 )
( connection 9 26 0.158942 )
( connection 9 29 0.193052 )
( connection 9 30 0.100699 )
( connection 9 31 0.346598 )
( connection 9 35 0.27601 )
( connection 9 36 0.2733 )
( connection 9 37 0.290269 )
( connection 9 46 0.530771 )
( connection 9 52 0.164952 )
( connection 9 53 0.239127 )
( connection 9 60 0.253407 )
( connection 10 9 0.116295 )
( connection 10 11 0.113109 )
( connection 10 26 0.274292 )
( connection 10 29 0.271801 )
( connection 10 30 0.195583 )
( connection 10 40 0.343811 )
( connection 10 41 0.331952 )
( connection 10 42 0.387768 )
( connection 10 51 0.106409 )
( connection 10 52 0.0522651 )
( connection 10 53 0.132919 )
( connection 11 2 0.457987 )
( connection 11 3 0.409917 )
( connection 11 4 0.395452 )
( connection 11 5 0.40948 )
( connection 11 7 0.11363 )
( connection 11 10 0.113109 )
( connection 11 12 0.377249 )
( connection 11 13 0.323238 )
( connection 11 14 0.272663 )
( connection 11 15 0.317037 )
( connection 11 40 0.230743 )
( connection 11 41 0.22734 )
( connection 11 42 0.288153 )
( connection 11 50 0.172314 )
( connection 11 51 0.106105 )
( connection 11 52 0.143373 )
( connection 11 61 0.168548 )
( connection 11 62 0.199325 )
( connection 11 63 0.254427 )
( connection 12 6 0.518609 )
( connection 12 7 0.463305 )
( connection 12 11 0.377249 )
( connection 12 13 0.0627566 )
( connection 12 18 0.099045 )
( connection 12 30 0.613877 )
( connection 12 31 0.768187 )
( connection 12 32 0.854465 )
( connection 12 37 0.722943 )
( connection 12 40 0.385609 )
( connection 12 41 0.285526 )
( connection 12 42 0.257975 )
( connection 12 43 0.294779 )
( connection 12 50 0.238944 )
( connection 12 51 0.312569 )
( connection 12 57 0.531565 )
( connection 12 60 0.572411 )
( connection 12 61 0.482612 )
( connection 12 62 0.457623 )
( connection 12 63 0.464315 )
( connection 13 7 0.415857 )
( connection 13 11 0.323238 )
( connection 13 12 0.0627566 )
( connection 13 14 0.0654463 )
( connection 13 30 0.553299 )
( connection 13 31 0.722219 )
( connection 13 32 0.80948 )
( connection 13 40 0.361762 )
( connection 13 41 0.26522 )
( connection 13 42 0.252296 )
( connection 13 43 0.301313 )
( connection 13 51 0.252141 )
( connection 13 57 0.505908 )
( connection 13 60 0.530053 )
( connection 13 61 0.441183 )
( connection 13 62 0.423262 )
( connection 13 63 0.437632 )
( connection 14 7 0.373243 )
( connection 14 11 0.272663 )
( connection 14 13 0.0654463 )
( connection 14 15 0.0856252 )
( connection 14 22 0.705062 )
( connection 14 23 0.627325 )
( connection 14 40 0.349903 )
( connection 14 41 0.26151 )
( connection 14 42 0.26514 )
( connection 14 43 0.323621 )
( connection 14 48 0.576724 )
( connection 14 50 0.114504 )
( connection 14 51 0.191797 )
( connection 14 55 0.172607 )
( connection 14 56 0.109816 )
( connection 14 60 0.492686 )
( connection 14 61 0.406082 )
( connection 14 62 0.397317 )
( connection 14 63 0.42059 )
( connection 15 7 0.4263 )
( connection 15 11 0.317037 )
( connection 15 14 0.0856252 )
( connection 15 16 0.0731503 )
( connection 15 22 0.760851 )
( connection 15 23 0.683842 )
( connection 15 40 0.429038 )
( connection 15 41 0.344663 )
( connection 15 42 0.350745 )
( connection 15 44 0.798973 )
( connection 15 48 0.654751 )
( connection 15 49 0.718205 )
( connection 15 50 0.144729 )
( connection 15 55 0.116877 )
( connection 15 56 0.0943281 )
( connection 15 60 0.550048 )
( connection 15 61 0.467334 )
( connection 15 62 0.467079 )
( connection 15 63 0.496199 )
( connection 16 15 0.0731503 )
( connection 16 17 0.0401167 )
( connection 16 55 0.18182 )
( connection 17 16 0.0401167 )
( connection 17 18 0.0848591 )
( connection 18 6 0.610709 )
( connection 18 12 0.099045 )
( connection 18 17 0.0848591 )
( connection 18 42 0.356337 )
( connection 18 43 0.389308 )
( connection 19 20 0.0714151 )
( connection 19 25 0.0993683 )
( connection 19 45 0.123772 )
( connection 19 46 0.069223 )
( connection 19 47 0.105511 )
( connection 19 57 0.232663 )
( connection 19 58 0.173498 )
( connection 20 19 0.0714151 )
( connection 20 21 0.0679997 )
( connection 20 45 0.193639 )
( connection 21 20 0.0679997 )
( connection 21 22 0.0848324 )
( connection 21 31 0.16964 )
( connection 21 32 0.143696 )
( connection 21 37 0.217492 )
( connection 21 45 0.249568 )
( connection 21 46 0.203709 )
( connection 22 7 0.334556 )
( connection 22 8 0.3393 )
( connection 22 9 0.410589 )
( connection 22 14 0.705062 )
( connection 22 15 0.760851 )
( connection 22 21 0.0848324 )
( connection 22 23 0.0778484 )
( connection 22 26 0.342445 )
( connection 22 30 0.432764 )
( connection 22 31 0.0887884 )
( connection 22 32 0.101635 )
( connection 22 37 0.132951 )
( connection 22 60 0.212414 )
( connection 23 2 0.356003 )
( connection 23 3 0.357325 )
( connection 23 7 0.257749 )
( connection 23 8 0.271322 )
( connection 23 9 0.347892 )
( connection 23 14 0.627325 )
( connection 23 15 0.683842 )
( connection 23 22 0.0778484 )
( connection 23 24 0.06247 )
( connection 23 26 0.304639 )
( connection 23 27 0.381075 )
( connection 23 30 0.383226 )
( connection 23 31 0.0988164 )
( connection 23 32 0.161235 )
( connection 23 36 0.158891 )
( connection 23 37 0.107402 )
( connection 23 47 0.175912 )
( connection 23 48 0.270823 )
( connection 23 50 0.540231 )
( connection 23 58 0.182013 )
( connection 23 59 0.112151 )
( connection 23 60 0.134639 )
( connection 24 3 0.301034 )
( connection 24 4 0.328344 )
( connection 24 5 0.391664 )
( connection 24 8 0.299426 )
( connection 24 9 0.381256 )
( connection 24 23 0.06247 )
( connection 24 25 0.0723746 )
( connection 24 26 0.357718 )
( connection 24 27 0.440004 )
( connection 24 30 0.428179 )
( connection 24 36 0.220325 )
( connection 24 37 0.168971 )
( connection 24 47 0.113815 )
( connection 24 48 0.210945 )
( connection 24 58 0.13014 )
( connection 24 59 0.0757828 )
( connection 24 60 0.139442 )
( connection 25 3 0.234975 )
( connection 25 4 0.26572 )
( connection 25 5 0.33111 )
( connection 25 8 0.336643 )
( connection 25 9 0.421429 )
( connection 25 19 0.0993683 )
( connection 25 24 0.0723746 )
( connection 25 26 0.41836 )
( connection 25 27 0.506508 )
( connection 25 30 0.4796 )
( connection 25 36 0.290609 )
( connection 25 37 0.239661 )
( connection 25 38 0.385587 )
( connection 25 39 0.332108 )
( connection 25 46 0.109758 )
( connection 25 47 0.0414573 )
( connection 25 48 0.140875 )
( connection 25 57 0.145146 )
( connection 25 58 0.0808151 )
( connection 25 59 0.0795645 )
( connection 25 60 0.168289 )
( connection 26 7 0.26926 )
( connection 26 8 0.172413 )
( connection 26 9 0.158942 )
( connection 26 10 0.274292 )
( connection 26 22 0.342445 )
( connection 26 23 0.304639 )
( connection 26 24 0.357718 )
( connection 26 25 0.41836 )
( connection 26 27 0.112485 )
( connection 26 30 0.107538 )
( connection 26 35 0.13419 )
( connection 26 36 0.169104 )
( connection 26 37 0.209541 )
( connection 26 39 0.55664 )
( connection 26 40 0.466472 )
( connection 26 47 0.453929 )
( connection 26 52 0.320122 )
( connection 26 53 0.387423 )
( connection 26 54 0.437252 )
( connection 26 59 0.351175 )
( connection 26 60 0.273914 )
( connection 26 61 0.308826 )
( connection 27 7 0.381714 )
( connection 27 23 0.381075 )
( connection 27 24 0.440004 )
( connection 27 25 0.506508 )
( connection 27 26 0.112485 )
( connection 27 28 0.0891243 )
( connection 27 33 0.275483 )
( connection 27 34 0.222273 )
( connection 27 35 0.154029 )
( connection 27 36 0.225203 )
( connection 27 37 0.275367 )
( connection 27 40 0.578509 )
( connection 27 47 0.544742 )
( connection 27 59 0.446554 )
( connection 27 60 0.376741 )
( connection 27 61 0.41953 )
( connection 28 27 0.0891243 )
( connection 28 29 0.0640824 )
( connection 29 9 0.193052 )
( connection 29 10 0.271801 )
( connection 29 28 0.0640824 )
( connection 29 30 0.094179 )
( connection 29 51 0.377822 )
( connection 29 52 0.298997 )
( connection 29 53 0.340401 )
( connection 29 54 0.386346 )
( connection 30 8 0.165861 )
( connection 30 9 0.100699 )
( connection 30 10 0.195583 )
( connection 30 12 0.613877 )
( connection 30 13 0.553299 )
( connection 30 22 0.432764 )
( connection 30 23 0.383226 )
( connection 30 24 0.428179 )
( connection 30 25 0.4796 )
( connection 30 26 0.107538 )
( connection 30 29 0.094179 )
( connection 30 35 0.241722 )
( connection 30 36 0.268548 )
( connection 30 37 0.301452 )
( connection 30 47 0.510394 )
( connection 30 52 0.232964 )
( connection 30 53 0.290835 )
( connection 30 54 0.340065 )
( connection 30 59 0.404687 )
( connection 30 60 0.317879 )
( connection 30 61 0.323104 )
( connection 31 3 0.45592 )
( connection 31 7 0.306493 )
( connection 31 8 0.285703 )
( connection 31 9 0.346598 )
( connection 31 12 0.768187 )
( connection 31 13 0.722219 )
( connection 31 21 0.16964 )
( connection 31 22 0.0887884 )
( connection 31 23 0.0988164 )
( connection 31 32 0.0886269 )
( connection 31 37 0.0563294 )
( connection 31 58 0.280073 )
( connection 31 59 0.207492 )
( connection 31 60 0.200909 )
( connection 31 61 0.289618 )
( connection 32 7 0.394196 )
( connection 32 12 0.854465 )
( connection 32 13 0.80948 )
( connection 32 21 0.143696 )
( connection 32 22 0.101635 )
( connection 32 23 0.161235 )
( connection 32 31 0.0886269 )
( connection 32 33 0.0917387 )
( connection 32 60 0.283656 )
( connection 32 61 0.373478 )
( connection 33 27 0.275483 )
( connection 33 32 0.0917387 )
( connection 33 34 0.0534425 )
( connection 34 27 0.222273 )
( connection 34 33 0.0534425 )
( connection 34 35 0.0825738 )
( connection 35 1 0.652431 )
( connection 35 2 0.582461 )
( connection 35 7 0.324249 )
( connection 35 8 0.253589 )
( connection 35 9 0.27601 )
( connection 35 26 0.13419 )
( connection 35 27 0.154029 )
( connection 35 30 0.241722 )
( connection 35 34 0.0825738 )
( connection 35 36 0.0801044 )
( connection 35 41 0.566919 )
( connection 35 47 0.411059 )
( connection 35 48 0.497948 )
( connection 35 52 0.440958 )
( connection 35 53 0.513518 )
( connection 35 59 0.322546 )
( connection 35 60 0.271979 )
( connection 35 61 0.33964 )
( connection 36 1 0.573195 )
( connection 36 2 0.503529 )
( connection 36 7 0.275645 )
( connection 36 8 0.226976 )
( connection 36 9 0.2733 )
( connection 36 23 0.158891 )
( connection 36 24 0.220325 )
( connection 36 25 0.290609 )
( connection 36 26 0.169104 )
( connection 36 27 0.225203 )
( connection 36 30 0.268548 )
( connection 36 35 0.0801044 )
( connection 36 37 0.0514892 )
( connection 36 41 0.510639 )
( connection 36 47 0.330978 )
( connection 36 48 0.41875 )
( connection 36 59 0.244167 )
( connection 36 60 0.201933 )
( connection 36 61 0.278661 )
( connection 37 2 0.454936 )
( connection 37 7 0.259676 )
( connection 37 8 0.230685 )
( connection 37 9 0.290269 )
( connection 37 12 0.722943 )
( connection 37 21 0.217492 )
( connection 37 22 0.132951 )
( connection 37 23 0.107402 )
( connection 37 24 0.168971 )
( connection 37 25 0.239661 )
( connection 37 26 0.209541 )
( connection 37 27 0.275367 )
( connection 37 30 0.301452 )
( connection 37 31 0.0563294 )
( connection 37 36 0.0514892 )
( connection 37 47 0.280287 )
( connection 37 48 0.369868 )
( connection 37 58 0.273028 )
( connection 37 59 0.197156 )
( connection 37 60 0.167174 )
( connection 37 61 0.251274 )
( connection 38 3 0.183178 )
( connection 38 4 0.141975 )
( connection 38 5 0.087255 )
( connection 38 6 0.14697 )
( connection 38 25 0.385587 )
( connection 38 39 0.0699457 )
( connection 38 43 0.08566 )
( connection 38 47 0.357684 )
( connection 38 48 0.272194 )
( connection 38 57 0.244939 )
( connection 38 58 0.308876 )
( connection 38 61 0.320798 )
( connection 38 62 0.255605 )
( connection 38 63 0.207899 )
( connection 39 3 0.163267 )
( connection 39 4 0.126458 )
( connection 39 5 0.104721 )
( connection 39 6 0.188859 )
( connection 39 25 0.332108 )
( connection 39 26 0.55664 )
( connection 39 38 0.0699457 )
( connection 39 40 0.0904535 )
( connection 39 44 0.355479 )
( connection 39 47 0.308689 )
( connection 39 48 0.235091 )
( connection 39 49 0.281203 )
( connection 39 57 0.187624 )
( connection 39 58 0.25264 )
( connection 39 61 0.250888 )
( connection 39 62 0.18602 )
( connection 40 2 0.247687 )
( connection 40 3 0.191714 )
( connection 40 4 0.169066 )
( connection 40 5 0.179085 )
( connection 40 6 0.267779 )
( connection 40 7 0.198831 )
( connection 40 10 0.343811 )
( connection 40 11 0.230743 )
( connection 40 12 0.385609 )
( connection 40 13 0.361762 )
( connection 40 14 0.349903 )
( connection 40 15 0.429038 )
( connection 40 26 0.466472 )
( connection 40 27 0.578509 )
( connection 40 39 0.0904535 )
( connection 40 41 0.100601 )
( connection 40 44 0.370157 )
( connection 40 48 0.226963 )
( connection 40 49 0.289172 )
( connection 40 50 0.315963 )
( connection 40 51 0.298451 )
( connection 40 52 0.3681 )
( connection 40 56 0.382638 )
( connection 40 57 0.146017 )
( connection 40 61 0.162934 )
( connection 40 62 0.101828 )
( connection 40 63 0.0800795 )
( connection 41 7 0.244865 )
( connection 41 10 0.331952 )
( connection 41 11 0.22734 )
( connection 41 12 0.285526 )
( connection 41 13 0.26522 )
( connection 41 14 0.26151 )
( connection 41 15 0.344663 )
( connection 41 35 0.566919 )
( connection 41 36 0.510639 )
( connection 41 40 0.100601 )
( connection 41 42 0.0663547 )
( connection 41 50 0.252253 )
( connection 41 51 0.258741 )
( connection 41 52 0.342183 )
( connection 41 56 0.313408 )
( connection 41 61 0.232803 )
( connection 41 62 0.186944 )
( connection 41 63 0.180379 )
( connection 42 10 0.387768 )
( connection 42 11 0.288153 )
( connection 42 12 0.257975 )
( connection 42 13 0.252296 )
( connection 42 14 0.26514 )
( connection 42 15 0.350745 )
( connection 42 18 0.356337 )
( connection 42 41 0.0663547 )
( connection 42 43 0.0688866 )
( connection 42 50 0.283435 )
( connection 42 51 0.305003 )
( connection 42 52 0.392324 )
( connection 42 55 0.41393 )
( connection 42 56 0.337098 )
( connection 43 6 0.225079 )
( connection 43 12 0.294779 )
( connection 43 13 0.301313 )
( connection 43 14 0.323621 )
( connection 43 18 0.389308 )
( connection 43 38 0.08566 )
( connection 43 42 0.0688866 )
( connection 43 50 0.351139 )
( connection 43 55 0.479074 )
( connection 43 56 0.402625 )
( connection 44 0 0.211271 )
( connection 44 1 0.135728 )
( connection 44 2 0.133248 )
( connection 44 3 0.192319 )
( connection 44 15 0.798973 )
( connection 44 39 0.355479 )
( connection 44 40 0.370157 )
( connection 44 45 0.0971835 )
( connection 44 49 0.0820004 )
( connection 44 50 0.682757 )
( connection 44 56 0.750512 )
( connection 45 19 0.123772 )
( connection 45 20 0.193639 )
( connection 45 21 0.249568 )
( connection 45 44 0.0971835 )
( connection 45 46 0.0707947 )
( connection 46 9 0.530771 )
( connection 46 19 0.069223 )
( connection 46 21 0.203709 )
( connection 46 25 0.109758 )
( connection 46 45 0.0707947 )
( connection 46 47 0.0879809 )
( connection 46 59 0.188112 )
( connection 46 60 0.277382 )
( connection 47 3 0.198335 )
( connection 47 4 0.231485 )
( connection 47 5 0.297839 )
( connection 47 19 0.105511 )
( connection 47 23 0.175912 )
( connection 47 24 0.113815 )
( connection 47 25 0.0414573 )
( connection 47 26 0.453929 )
( connection 47 27 0.544742 )
( connection 47 30 0.510394 )
( connection 47 35 0.411059 )
( connection 47 36 0.330978 )
( connection 47 37 0.280287 )
( connection 47 38 0.357684 )
( connection 47 39 0.308689 )
( connection 47 46 0.0879809 )
( connection 47 48 0.101599 )
( connection 47 57 0.127203 )
( connection 47 58 0.0712381 )
( connection 47 59 0.105729 )
( connection 48 1 0.154483 )
( connection 48 2 0.0852751 )
( connection 48 3 0.0989848 )
( connection 48 4 0.135936 )
( connection 48 14 0.576724 )
( connection 48 15 0.654751 )
( connection 48 23 0.270823 )
( connection 48 24 0.210945 )
( connection 48 25 0.140875 )
( connection 48 35 0.497948 )
( connection 48 36 0.41875 )
( connection 48 37 0.369868 )
( connection 48 38 0.272194 )
( connection 48 39 0.235091 )
( connection 48 40 0.226963 )
( connection 48 47 0.101599 )
( connection 48 49 0.0715064 )
( connection 48 50 0.533629 )
( connection 48 56 0.60173 )
( connection 48 57 0.100164 )
( connection 48 58 0.102722 )
( connection 48 59 0.176227 )
( connection 48 63 0.16106 )
( connection 49 1 0.114634 )
( connection 49 2 0.070401 )
( connection 49 3 0.121503 )
( connection 49 15 0.718205 )
( connection 49 39 0.281203 )
( connection 49 40 0.289172 )
( connection 49 44 0.0820004 )
( connection 49 48 0.0715064 )
( connection 49 50 0.600862 )
( connection 49 56 0.668677 )
( connection 49 57 0.171446 )
( connection 49 63 0.229542 )
( connection 50 2 0.563606 )
( connection 50 3 0.507374 )
( connection 50 7 0.282483 )
( connection 50 11 0.172314 )
( connection 50 12 0.238944 )
( connection 50 14 0.114504 )
( connection 50 15 0.144729 )
( connection 50 23 0.540231 )
( connection 50 40 0.315963 )
( connection 50 41 0.252253 )
( connection 50 42 0.283435 )
( connection 50 43 0.351139 )
( connection 50 44 0.682757 )
( connection 50 48 0.533629 )
( connection 50 49 0.600862 )
( connection 50 51 0.0783846 )
( connection 50 56 0.0683248 )
( connection 50 60 0.407103 )
( connection 50 61 0.326963 )
( connection 50 62 0.33476 )
( connection 50 63 0.372613 )
( connection 51 2 0.541044 )
( connection 51 3 0.488315 )
( connection 51 4 0.467508 )
( connection 51 7 0.219734 )
( connection 51 10 0.106409 )
( connection 51 11 0.106105 )
( connection 51 12 0.312569 )
( connection 51 13 0.252141 )
( connection 51 14 0.191797 )
( connection 51 29 0.377822 )
( connection 51 40 0.298451 )
( connection 51 41 0.258741 )
( connection 51 42 0.305003 )
( connection 51 50 0.0783846 )
( connection 51 52 0.0898485 )
( connection 51 61 0.272429 )
( connection 51 62 0.29351 )
( connection 51 63 0.34102 )
( connection 52 2 0.601128 )
( connection 52 3 0.552138 )
( connection 52 4 0.535721 )
( connection 52 9 0.164952 )
( connection 52 10 0.0522651 )
( connection 52 11 0.143373 )
( connection 52 26 0.320122 )
( connection 52 29 0.298997 )
( connection 52 30 0.232964 )
( connection 52 35 0.440958 )
( connection 52 40 0.3681 )
( connection 52 41 0.342183 )
( connection 52 42 0.392324 )
( connection 52 51 0.0898485 )
( connection 52 53 0.0813082 )
( connection 52 63 0.397673 )
( connection 53 9 0.239127 )
( connection 53 10 0.132919 )
( connection 53 26 0.387423 )
( connection 53 29 0.340401 )
( connection 53 30 0.290835 )
( connection 53 35 0.513518 )
( connection 53 52 0.0813082 )
( connection 53 54 0.0498488 )
( connection 54 26 0.437252 )
( connection 54 29 0.386346 )
( connection 54 30 0.340065 )
( connection 54 53 0.0498488 )
( connection 54 55 0.0756444 )
( connection 55 14 0.172607 )
( connection 55 15 0.116877 )
( connection 55 16 0.18182 )
( connection 55 42 0.41393 )
( connection 55 43 0.479074 )
( connection 55 54 0.0756444 )
( connection 55 56 0.0769973 )
( connection 56 2 0.630301 )
( connection 56 14 0.109816 )
( connection 56 15 0.0943281 )
( connection 56 40 0.382638 )
( connection 56 41 0.313408 )
( connection 56 42 0.337098 )
( connection 56 43 0.402625 )
( connection 56 44 0.750512 )
( connection 56 48 0.60173 )
( connection 56 49 0.668677 )
( connection 56 50 0.0683248 )
( connection 56 55 0.0769973 )
( connection 56 63 0.440764 )
( connection 57 2 0.162026 )
( connection 57 3 0.134108 )
( connection 57 4 0.147502 )
( connection 57 5 0.20435 )
( connection 57 12 0.531565 )
( connection 57 13 0.505908 )
( connection 57 19 0.232663 )
( connection 57 25 0.145146 )
( connection 57 38 0.244939 )
( connection 57 39 0.187624 )
( connection 57 40 0.146017 )
( connection 57 47 0.127203 )
( connection 57 48 0.100164 )
( connection 57 49 0.171446 )
( connection 57 58 0.0650237 )
( connection 57 63 0.0684354 )
( connection 58 1 0.255671 )
( connection 58 2 0.184861 )
( connection 58 3 0.176441 )
( connection 58 4 0.199853 )
( connection 58 5 0.261923 )
( connection 58 19 0.173498 )
( connection 58 23 0.182013 )
( connection 58 24 0.13014 )
( connection 58 25 0.0808151 )
( connection 58 31 0.280073 )
( connection 58 37 0.273028 )
( connection 58 38 0.308876 )
( connection 58 39 0.25264 )
( connection 58 47 0.0712381 )
( connection 58 48 0.102722 )
( connection 58 57 0.0650237 )
( connection 58 59 0.0760422 )
( connection 59 1 0.330459 )
( connection 59 2 0.260081 )
( connection 59 23 0.112151 )
( connection 59 24 0.0757828 )
( connection 59 25 0.0795645 )
( connection 59 26 0.351175 )
( connection 59 27 0.446554 )
( connection 59 30 0.404687 )
( connection 59 31 0.207492 )
( connection 59 35 0.322546 )
( connection 59 36 0.244167 )
( connection 59 37 0.197156 )
( connection 59 46 0.188112 )
( connection 59 47 0.105729 )
( connection 59 48 0.176227 )
( connection 59 58 0.0760422 )
( connection 59 60 0.0893032 )
( connection 60 7 0.125543 )
( connection 60 8 0.168402 )
( connection 60 9 0.253407 )
( connection 60 12 0.572411 )
( connection 60 13 0.530053 )
( connection 60 14 0.492686 )
( connection 60 15 0.550048 )
( connection 60 22 0.212414 )
( connection 60 23 0.134639 )
( connection 60 24 0.139442 )
( connection 60 25 0.168289 )
( connection 60 26 0.273914 )
( connection 60 27 0.376741 )
( connection 60 30 0.317879 )
( connection 60 31 0.200909 )
( connection 60 32 0.283656 )
( connection 60 35 0.271979 )
( connection 60 36 0.201933 )
( connection 60 37 0.167174 )
( connection 60 46 0.277382 )
( connection 60 50 0.407103 )
( connection 60 59 0.0893032 )
( connection 60 61 0.0899902 )
( connection 61 7 0.0652133 )
( connection 61 8 0.157459 )
( connection 61 11 0.168548 )
( connection 61 12 0.482612 )
( connection 61 13 0.441183 )
( connection 61 14 0.406082 )
( connection 61 15 0.467334 )
( connection 61 26 0.308826 )
( connection 61 27 0.41953 )
( connection 61 30 0.323104 )
( connection 61 31 0.289618 )
( connection 61 32 0.373478 )
( connection 61 35 0.33964 )
( connection 61 36 0.278661 )
( connection 61 37 0.251274 )
( connection 61 38 0.320798 )
( connection 61 39 0.250888 )
( connection 61 40 0.162934 )
( connection 61 41 0.232803 )
( connection 61 50 0.326963 )
( connection 61 51 0.272429 )
( connection 61 60 0.0899902 )
( connection 61 62 0.0672924 )
( connection 62 4 0.216641 )
( connection 62 5 0.252032 )
( connection 62 7 0.121739 )
( connection 62 8 0.221767 )
( connection 62 11 0.199325 )
( connection 62 12 0.457623 )
( connection 62 13 0.423262 )
( connection 62 14 0.397317 )
( connection 62 15 0.467079 )
( connection 62 38 0.255605 )
( connection 62 39 0.18602 )
( connection 62 40 0.101828 )
( connection 62 41 0.186944 )
( connection 62 50 0.33476 )
( connection 62 51 0.29351 )
( connection 62 61 0.0672924 )
( connection 62 63 0.0633078 )
( connection 63 2 0.203607 )
( connection 63 3 0.158475 )
( connection 63 4 0.153416 )
( connection 63 5 0.192137 )
( connection 63 7 0.184997 )
( connection 63 11 0.254427 )
( connection 63 12 0.464315 )
( connection 63 13 0.437632 )
( connection 63 14 0.42059 )
( connection 63 15 0.496199 )
( connection 63 38 0.207899 )
( connection 63 40 0.0800795 )
( connection 63 41 0.180379 )
( connection 63 48 0.16106 )
( connection 63 49 0.229542 )
( connection 63 50 0.372613 )
( connection 63 51 0.34102 )
( connection 63 52 0.397673 )
( connection 63 56 0.440764 )
( connection 63 57 0.0684354 )
( connection 63 62 0.0633078 )
